1111111111110010000000000010000000000001
0000000000000000000000001110001000000001
1111111111110010000000010010000000000001
0000000000001000000000001110001000000001
1111111111110110000110000010000000000001
0000000000010000000000001110001000000001
1111111111110110000101010010000000000001
0000000000011000000000001110001000000001
1111111111110010000000100010000000000001
0000000000100000000000001110001000000001
1111111111110010000000110010000000000001
0000000000101000000000001110001000000001
1111111111110010000001000010000000000001
0000000000110000000000001110001000000001
1111111111110010000001010010000000000001
0000000000111000000000001110001000000001
1111111111110010000001100010000000000001
0000000001000000000000001110001000000001
1111111111110010000001110010000000000001
0000000001001000000000001110001000000001
1111111111110010000010000010000000000001
0000000001010000000000001110001000000001
1111111111110010000010010010000000000001
0000000001011000000000001110001000000001
1111111111110110000101110010000000000001
0000000001100000000000001110001000000001
1111111111110010000010100010000000000001
0000000001101000000000001110001000000001
1111111111110010000010110010000000000001
0000000001110000000000001110001000000001
0000000000000000000000000000000000000001
0000000001111000000000001110100000000001
0000000000000000000000000000000000000001
0000000010000000000000001110100000000001
0000000000000000000000000000000000000001
0000000010001000000000001110100000000001
0000000000000000000000000000000000000001
0000000010010000000000001110100000000001
0000000000011001000010000010000000000001
0000000010100000000000001110001000000001
0000000010100000000000001100000000000001
0000000000001111111111110010000000000001
0000000010011000000000001110001000000001
0000000000000001000010000010000000000001
0000000010100000000000001110001000000001
0000000010100000000000001100000000000001
0000000000010111111111110010000000000001
0000000010101000000000001110001000000001
0000000001101001000010000100000000000001
0000000001100001000010000010000000001001
0000000001100001000010000010000000000001
0000000001110001000010000010000000100011
0000000010110000000000001110001000000001
0000000000000000000000000000000000000001
0000000010001010000011000010000000000001
0000000010010010000011000010001000000001
0000000000000000000000000000000000000001
0000000010111000000000001110001000000001
0000000000000000000000000000000000000001
0000000010110001000010000010000000000001
0000000011000000000000001110001000000001
0000000010111001000010000010000000000001
0000000000000000000000000000000000000001
0000000011001000000000001111000000000001
0000000000100001000010000100000000000001
0000000011001001000010000010010001001001
0000000001000001000010000010000000000001
0000000000111001000010000100000000000001
0000000011010000000000001110001000010101
0000000000000000000000000000000000000001
0000000000101001000010000010000000000001
0000000000110001000010000100000000001001
1111111111110001000010000010000000000001
1111111111101001000010000010000000100011
1111111111101001000010000010001000001001
0000000011100001000010000010000000000001
1111111111111001000010000010001000100110
0000000011101000000000001110001000000001
1111111111101001000010000010000000000001
0000000011010001000010000100000000001001
0000000011101001000010000010000000000001
1111111111101001000010000010000000100100
0000000011101000000000001110001000000001
0000000000000000000000000000000000000001
0000000011011000000000001110001000000001
0000000011011001000010000100000000000001
0000000001001001000010000010000000001001
0000000001011001000010000010000000000001
0000000001010001000010000010000000100011
0000000011110000000000001110001000000001
0000000000000000000000000000000000000001
0000000011110001000010000010000000000001
0000000100001001000010000010001001000001
0000000100101000000000001110001000000001
0000000100011001000010000010000000000001
0000000100001001000010000011010000000001
0000000100101010000011010010001000000001
0000000100010000000000001110001000000001
0000000100010000000000001100000000000001
0000000100100000000000001111001000000001
0000000010001111111111110010000000000001
0000000011111000000000001110001000000001
0000000010010111111111110010000000000001
0000000100000000000000001110001000000001
0000000000000000000000000000000000000001
0000000011110001000010000010000000000001
0000000100110000000000001110001000000001
0000000100110001000010000010000000000001
1111111011010000000000000000001000000001
0000000000000000000000000000000000000001
0000000011111001000010000010000000000001
0000000100111000000000001110001000000001
0000000100000010000011100010000000000001
0000001001011000000000001110001000000001
0000000000000000000000000000000000000001
0000000100111010000011110010000000000001
0000000101010000000000001110001000000001
0000000000000000000000000000000000000001
0000000101111010000100110010000000000001
0000000101110010000101000010001000000001
0000000101100010000100110011010000000001
0000000101011010000101000010001000000001
0000000101010010000100000010001000000001
0000000101001010000100010010001000000001
0000000101000010000100100010001000000001
0000000000000000000000000000000000000001
0000000101101000000000001110001000000001
0000000110000000000000001111001000000001
0000000110101010000110000010000000000001
0000000110100010000110010010001000000001
0000000110010010000110000011010000000001
0000000110001010000110010010001000000001
0000000101101010000101010010001000000001
0000000101100010000101100010001000000001
0000000101011010000101110010001000000001
0000000000000000000000000000000000000001
0000000110011000000000001110001000000001
0000000110110000000000001111001000000001
0000000111011010000111010010000000000001
0000000111010010000111100010001000000001
0000000111000010000111010011010000000001
0000000110111010000111100010001000000001
0000000110011010000110100010001000000001
0000000110010010000110110010001000000001
0000000110001010000111000010001000000001
0000000000000000000000000000000000000001
0000000111001000000000001110001000000001
0000000111100000000000001111001000000001
0000001000001010001000100010000000000001
0000001000000010001000110010001000000001
0000000111110010001000100011010000000001
0000000111101010001000110010001000000001
0000000111001010000111110010001000000001
0000000111000010001000000010001000000001
0000000110111010001000010010001000000001
0000000000000000000000000000000000000001
0000000111111000000000001110001000000001
0000001000010000000000001111001000000001
0000001000111010001001110010000000000001
0000001000110010001010000010001000000001
0000001000100010001001110011010000000001
0000001000011010001010000010001000000001
0000000111111010001001000010001000000001
0000000111110010001001010010001000000001
0000000111101010001001100010001000000001
0000000000000000000000000000000000000001
0000001000101000000000001110001000000001
0000001001000000000000001111001000000001
0000001010000010000100110010000000000001
0000001001111010000101000010001000000001
0000001001101010000100110011010000000001
0000001001100010000101000010001000000001
0000001001011010000100000010001000000001
0000001001010010000100010010001000000001
0000001001001010000100100010001000000001
0000000000000000000000000000000000000001
0000001001110000000000001110001000000001
0000001010001000000000001111001000000001
0000001010110010000110000010000000000001
0000001010101010000110010010001000000001
0000001010011010000110000011010000000001
0000001010010010000110010010001000000001
0000001001110010000101010010001000000001
0000001001101010000101100010001000000001
0000001001100010000101110010001000000001
0000000000000000000000000000000000000001
0000001010100000000000001110001000000001
0000001010111000000000001111001000000001
0000001011100010000111010010000000000001
0000001011011010000111100010001000000001
0000001011001010000111010011010000000001
0000001011000010000111100010001000000001
0000001010100010000110100010001000000001
0000001010011010000110110010001000000001
0000001010010010000111000010001000000001
0000000000000000000000000000000000000001
0000001011010000000000001110001000000001
0000001011101000000000001111001000000001
0000001100010010001000100010000000000001
0000001100001010001000110010001000000001
0000001011111010001000100011010000000001
0000001011110010001000110010001000000001
0000001011010010000111110010001000000001
0000001011001010001000000010001000000001
0000001011000010001000010010001000000001
0000000000000000000000000000000000000001
0000001100000000000000001110001000000001
0000001100011000000000001111001000000001
0000001101000010001001110010000000000001
0000001100111010001010000010001000000001
0000001100101010001001110011010000000001
0000001100100010001010000010001000000001
0000001100000010001001000010001000000001
0000001011111010001001010010001000000001
0000001011110010001001100010001000000001
0000000000000000000000000000000000000001
0000001100110000000000001110001000000001
0000001101001000000000001111001000000001
0000001000101010001010010010000000000001
0000000000000000000000000000000000000001
0000001101110000000000001110001000000001
0000001110000010001011000010000000000001
0000001101111010001011100010001000000001
0000001101110010001010100010001000000001
0000001101101010001010110010001000000001
0000001101100010001011010010001000000001
0000000000000000000000000000000000000001
0000001110001000000000001110001000000001
0000001110011010001100010010000000000001
0000001110010010001100110010001000000001
0000001110001010001011110010001000000001
0000001110000010001100000010001000000001
0000001101111010001100100010001000000001
0000000000000000000000000000000000000001
0000001110100000000000001110001000000001
0000001110110010001101100010000000000001
0000001110101010001110000010001000000001
0000001110100010001101000010001000000001
0000001110011010001101010010001000000001
0000001110010010001101110010001000000001
0000000000000000000000000000000000000001
0000001110111000000000001110001000000001
0000001111001010001110110010000000000001
0000001111000010001111010010001000000001
0000001110111010001110010010001000000001
0000001110110010001110100010001000000001
0000001110101010001111000010001000000001
0000000000000000000000000000000000000001
0000001111010000000000001110001000000001
0000001101010000000000001110001000000001
0000001000101001000010000010000000000001
0000000000000000000000000000000000000001
0000001111101000000000001110001000000001
0000001111111010010000000010000000000001
0000001111110010010000100010001000000001
0000001111101010001111100010001000000001
0000001111100010001111110010001000000001
0000001111011010010000010010001000000001
0000000000000000000000000000000000000001
0000010000000000000000001110001000000001
0000010000010010010001010010000000000001
0000010000001010010001110010001000000001
0000010000000010010000110010001000000001
0000001111111010010001000010001000000001
0000001111110010010001100010001000000001
0000000000000000000000000000000000000001
0000010000011000000000001110001000000001
0000010000101010010010100010000000000001
0000010000100010010011000010001000000001
0000010000011010010010000010001000000001
0000010000010010010010010010001000000001
0000010000001010010010110010001000000001
0000000000000000000000000000000000000001
0000010000110000000000001110001000000001
0000010001000010010011110010000000000001
0000010000111010010100010010001000000001
0000010000110010010011010010001000000001
0000010000101010010011100010001000000001
0000010000100010010100000010001000000001
0000000000000000000000000000000000000001
0000010001001000000000001110001000000001
0000001101011000000000001110001000000001
0000001100110010010100100010000000000001
0000000000000000000000000000000000000001
0000010001110000000000001110001000000001
0000010010000010010101010010000000000001
0000010001111010010101110010001000000001
0000010001110010010100110010001000000001
0000010001101010010101000010001000000001
0000010001100010010101100010001000000001
0000000000000000000000000000000000000001
0000010010001000000000001110001000000001
0000010010011010010110100010000000000001
0000010010010010010111000010001000000001
0000010010001010010110000010001000000001
0000010010000010010110010010001000000001
0000010001111010010110110010001000000001
0000000000000000000000000000000000000001
0000010010100000000000001110001000000001
0000010010110010010111110010000000000001
0000010010101010011000010010001000000001
0000010010100010010111010010001000000001
0000010010011010010111100010001000000001
0000010010010010011000000010001000000001
0000000000000000000000000000000000000001
0000010010111000000000001110001000000001
0000010011001010011001000010000000000001
0000010011000010011001100010001000000001
0000010010111010011000100010001000000001
0000010010110010011000110010001000000001
0000010010101010011001010010001000000001
0000000000000000000000000000000000000001
0000010011010000000000001110001000000001
0000010001010000000000001110001000000001
0000001100110001000010000010000000000001
0000000000000000000000000000000000000001
0000010011101000000000001110001000000001
0000010011111010011010010010000000000001
0000010011110010011010110010001000000001
0000010011101010011001110010001000000001
0000010011100010011010000010001000000001
0000010011011010011010100010001000000001
0000000000000000000000000000000000000001
0000010100000000000000001110001000000001
0000010100010010011011100010000000000001
0000010100001010011100000010001000000001
0000010100000010011011000010001000000001
0000010011111010011011010010001000000001
0000010011110010011011110010001000000001
0000000000000000000000000000000000000001
0000010100011000000000001110001000000001
0000010100101010011100110010000000000001
0000010100100010011101010010001000000001
0000010100011010011100010010001000000001
0000010100010010011100100010001000000001
0000010100001010011101000010001000000001
0000000000000000000000000000000000000001
0000010100110000000000001110001000000001
0000010101000010011110000010000000000001
0000010100111010011110100010001000000001
0000010100110010011101100010001000000001
0000010100101010011101110010001000000001
0000010100100010011110010010001000000001
0000000000000000000000000000000000000001
0000010101001000000000001110001000000001
0000010001011000000000001110001000000001
0000000010101001000010000010000000000001
0000010101011000000000001110001000000001
1111111111101001000010000010000000000001
0000010110110000000000001110001000000001
0000010101010001000010000010000000000001
0000010101011001000010000010001001001001
1111111111110001000010000010000000100110
0000010110110000000000001110001000000001
0000010101110001000010000010000000000001
1111111111110010101101000010001001001001
0000010101010001000010000010000000000001
0000010110010001000010000010000000100101
0000010110011000000000001110001000000001
0000010110000001000010000010000000000001
1111111111110010101101000010001001001001
0000010101010001000010000010000000000001
0000010110100001000010000010000000100101
0000010110101000000000001110001000000001
0000010110111001000010000010000000000001
0000000000000000000000000000000000000001
0000010111001000000000001111000000000001
0000010111001001000010000010000000000001
1111111111110010101101000010001001001001
0000010110110001000010000010000000000001
1111111111101001000010000010000000100101
0000010110110000000000001110001000000001
0000010101010001000010000010000000000001
0000010101011000000000001110001000100101
0000010110011010011110110010000000000001
0000010111010000000000001110001000000001
0000010111010000000000001100000000000001
0000001101011001000010000010000000000001
0000010111111000000000001110001000000001
0000011010111010011111110010000100000001
0000011010110010100000000010001100000001
0000011000001010011111110011010100000001
0000011000000010100000000010001100000001
0000010111111010011111000010001100000001
0000010111110010011111010010001100000001
0000010111101010011111100010001100000001
0000000000000000000000000000000000000001
0000011000010000000000001110001000000001
0000011011000000000000001111001000000001
0000010001011001000010000010000000000001
0000011000110000000000001110001000000001
0000011011010010011111110010000100000001
0000011011001010100000000010001100000001
0000011001000010011111110011010100000001
0000011000111010100000000010001100000001
0000011000110010011111000010001100000001
0000011000101010011111010010001100000001
0000011000100010011111100010001100000001
0000000000000000000000000000000000000001
0000011001001000000000001110001000000001
0000011011011000000000001111001000000001
0000010110101010011110110010000000000001
0000010111011000000000001110001000000001
0000010111011000000000001100000000000001
0000001101011001000010000010000000000001
0000011001100000000000001110001000000001
0000011011101010011111110010000100000001
0000011011100010100000000010001100000001
0000011001110010011111110011010100000001
0000011001101010100000000010001100000001
0000011001100010011111000010001100000001
0000011001011010011111010010001100000001
0000011001010010011111100010001100000001
0000000000000000000000000000000000000001
0000011001111000000000001110001000000001
0000011011110000000000001111001000000001
0000010001011001000010000010000000000001
0000011010010000000000001110001000000001
0000011100000010011111110010000100000001
0000011011111010100000000010001100000001
0000011010100010011111110011010100000001
0000011010011010100000000010001100000001
0000011010010010011111000010001100000001
0000011010001010011111010010001100000001
0000011010000010011111100010001100000001
0000000000000000000000000000000000000001
0000011010101000000000001110001000000001
0000011100001000000000001111001000000001
0000010101100001000010000010000000000001
0000010101110001000010000010001001000001
0000010111000000000000001110001000000001
0000010101110001000010000010000000000001
0000010111000010101100110010001000000001
0000010101111000000000001110001000000001
1111111111110001000010000010000000000001
0000010101111001000010000010001001000001
0000010110001000000000001110001000000001
0000010101111000000000001100000000000001
0000011000010111111111110010000000000001
0000010110001000000000001100000000000001
0000011001111111111111110010001000000001
0000010111100000000000001110001000000001
0000010101111000000000001100000000000001
0000011001001111111111110010000000000001
0000010110001000000000001100000000000001
0000011010101111111111110010001000000001
0000011000011000000000001110001000000001
0000010101100001000010000010000000000001
0000010110110001000010000010001001000001
0000000000000000000000000000000000000001
0000010101101000000000001111000000000001
0000000010011001000010000010000000000001
0000011100011000000000001110001000000001
1111111111101001000010000010000000000001
0000011101110000000000001110001000000001
0000011100010001000010000010000000000001
0000011100011001000010000010001001001001
1111111111110001000010000010000000100110
0000011101110000000000001110001000000001
0000011100110001000010000010000000000001
1111111111110010111011100010001001001001
0000011100010001000010000010000000000001
0000011101010001000010000010000000100101
0000011101011000000000001110001000000001
0000011101000001000010000010000000000001
1111111111110010111011100010001001001001
0000011100010001000010000010000000000001
0000011101100001000010000010000000100101
0000011101101000000000001110001000000001
0000011101111001000010000010000000000001
0000000000000000000000000000000000000001
0000010111001000000000001111000000000001
0000010111001001000010000010000000000001
1111111111110010111011100010001001001001
0000011101110001000010000010000000000001
1111111111101001000010000010000000100101
0000011101110000000000001110001000000001
0000011100010001000010000010000000000001
0000011100011000000000001110001000100101
0000011101011010101101010010000000000001
0000011110001000000000001110001000000001
0000011110001000000000001100000000000001
0000001101010001000010000010000000000001
0000011110110000000000001110001000000001
0000100001110010101110010010000100000001
0000100001101010101110100010001100000001
0000011111000010101110010011010100000001
0000011110111010101110100010001100000001
0000011110110010101101100010001100000001
0000011110101010101101110010001100000001
0000011110100010101110000010001100000001
0000000000000000000000000000000000000001
0000011111001000000000001110001000000001
0000100001111000000000001111001000000001
0000010001010001000010000010000000000001
0000011111101000000000001110001000000001
0000100010001010101110010010000100000001
0000100010000010101110100010001100000001
0000011111111010101110010011010100000001
0000011111110010101110100010001100000001
0000011111101010101101100010001100000001
0000011111100010101101110010001100000001
0000011111011010101110000010001100000001
0000000000000000000000000000000000000001
0000100000000000000000001110001000000001
0000100010010000000000001111001000000001
0000011101101010101101010010000000000001
0000011110010000000000001110001000000001
0000011110010000000000001100000000000001
0000001101010001000010000010000000000001
0000100000011000000000001110001000000001
0000100010100010101110010010000100000001
0000100010011010101110100010001100000001
0000100000101010101110010011010100000001
0000100000100010101110100010001100000001
0000100000011010101101100010001100000001
0000100000010010101101110010001100000001
0000100000001010101110000010001100000001
0000000000000000000000000000000000000001
0000100000110000000000001110001000000001
0000100010101000000000001111001000000001
0000010001010001000010000010000000000001
0000100001001000000000001110001000000001
0000100010111010101110010010000100000001
0000100010110010101110100010001100000001
0000100001011010101110010011010100000001
0000100001010010101110100010001100000001
0000100001001010101101100010001100000001
0000100001000010101101110010001100000001
0000100000111010101110000010001100000001
0000000000000000000000000000000000000001
0000100001100000000000001110001000000001
0000100011000000000000001111001000000001
0000011100100001000010000010000000000001
0000011100110001000010000010001001000001
0000011110000000000000001110001000000001
0000011100110001000010000010000000000001
0000011110000010111011010010001000000001
0000011100111000000000001110001000000001
1111111111110001000010000010000000000001
0000011100111001000010000010001001000001
0000011101001000000000001110001000000001
0000011100111000000000001100000000000001
0000011111001111111111110010000000000001
0000011101001000000000001100000000000001
0000100000110111111111110010001000000001
0000011110011000000000001110001000000001
0000011100111000000000001100000000000001
0000100000000111111111110010000000000001
0000011101001000000000001100000000000001
0000100001100111111111110010001000000001
0000011111010000000000001110001000000001
0000011100100001000010000010000000000001
0000011101110001000010000010001001000001
0000000000000000000000000000000000000001
0000011100101000000000001111000000000001
0000000011000001000010000010000000000001
0000100011011001000010000010001001000001
0000100011111000000000001110001000000001
0000100011101001000010000010000000000001
0000100011011001000010000011010000000001
0000100011111010111011110010001000000001
0000100011100000000000001110001000000001
0000100011100000000000001100000000000001
0000100011110000000000001111001000000001
0000011110011111111111110010000000000001
0000100011001000000000001110001000000001
0000011111010111111111110010000000000001
0000100011010000000000001110001000000001
0000000011000001000010000010000000000001
0000100100010001000010000010001001000001
0000100100110000000000001110001000000001
0000100100100001000010000010000000000001
0000100100010001000010000011010000000001
0000100100110010111100000010001000000001
0000100100011000000000001110001000000001
0000100100011000000000001100000000000001
0000100100101000000000001111001000000001
0000010111100111111111110010000000000001
0000100100000000000000001110001000000001
0000011000011111111111110010000000000001
0000100100001000000000001110001000000001
1111111111110011000111000100000000000001
0000100100000001000010010010000000000001
0000100100001001000010010010001000000001
0000100110001000000000001110001000000001
0000100110001001000011000010000000000001
0000100111011000000000001110001000000001
0000100111011000000000001100000000000001
0000100111011111111111110010000000000001
0000100111100000000000001110001000000001
0000100110001000000000001100000000000001
0000100110001111111111110010000000000001
0000000000000000000000000000000000000001
0000100110101000000000001110001000000001
0000100110110000000000001111001000000001
0000100111101001000010000010000000000001
0000100111101011000110010010001001000001
0000100111100011000110010010001000001001
0000100111110000000000001110001000000001
0000100101011001000010000010000000000001
0000100101011011000110010010001001000001
0000100110110011000110010010001000000001
0000100101001001000010000011010000000001
0000100101001011000110010010001001000001
0000100110101011000110010010001000000001
0000100101010000000000001110001000000001
1111111111101001000010000100001000000001
0000100101100000000000001111001000000001
0000100111110001000010000010000000000001
1111111111101001000010001000001000000001
1111111111101001000010001000010000100011
1111111111110001000010100010000000000001
0000000000000000000000000000000000000001
0000100111010000000000001111011000000001
0000100111010001000010000010001000000001
0000100110111000000000001110001000000001
0000000000000000000000000000000000000001
0000100110111000000000001111011000100011
0000100101111001000010000010000000001001
0000100110000000000000001110001000000001
0000100101101001000010000010000000000001
1111111111110011000110110010001001100111
0000100101110000000000001110001000000001
0000100110111001000010000010001001001001
0000100110111001000010000010000000000001
0000100101110000000000001110001000100111
1111111111110011000110100010000000000001
0000100110000000000000001110001000100111
0000000000000000000000000000000000000001
0000100110000001000010000010000000001001
1111111111111001000010000010001001000001
0000100110000000000000001110001000100110
0000100101110001000110100010000000000001
0000000000000000000000000000000000000001
0000100111000000000000001110001000000001
0000100111001000000000001111001000000001
0000100111000000000000001100000000000001
0000000000000000000000000000000000000001
0000000000000010111100101010000100000001
1111111111100001000010000010000000000001
0000000000000010111100011010000100000001
1111111111100001000010000010001001000001
0000100110010000000000001110001000000001
0000100111001000000000001100000000000001
0000100110010111111111110010000000000001
1111111111100001000010000010001000000001
0000100110100000000000001110001000000001
0000100110100000000000001100000000000001
0000100100000111111111110010000000000001
0000100100111000000000001110001000000001
0000100100001111111111110010000000000001
0000100101000000000000001110001000000001
0000100011001001000010000010000000000001
0000100011010001000010000010001000000001
0000000000000000000000000000000000000001
0000100111111000000000001110001000000001
0000100011001011000111010010000000000001
0000101000000000000000001110001000000001
0000000000000000000000000000000000000001
0000100011010011000111100010000000000001
0000101000001000000000001110001000000001
0000000000000000000000000000000000000001
0000100111111011000111110010000000000001
0000101000010000000000001110001000000001
0000000000000000000000000000000000000001
0000100100111001000010000010000000000001
1111111101101000000000000000001000000001
0000100101000001000010000010000000000001
1111111101110000000000000000001000000001
0000101000000011001000000010000000000001
0000101000010011001000010010001000000001
0000101000011000000000001110001000000001
0000101000001011001000000010000000000001
0000101000010011001000010010001000000001
0000101000100000000000001110001000000001
0000101000011011001000100010000000000001
0000101000101000000000001110001000000001
0000101000100011001000110010000000000001
0000101000110000000000001110001000000001
1111111111110011010011110100000000000001
0000101000101001000010010010000000000001
0000101000110001000010010010001000000001
0000101010001000000000001110001000000001
0000101010001001000011000010000000000001
0000101011011000000000001110001000000001
0000101011011000000000001100000000000001
0000101011011111111111110010000000000001
0000101011100000000000001110001000000001
0000101010001000000000001100000000000001
0000101010001111111111110010000000000001
0000000000000000000000000000000000000001
0000101010101000000000001110001000000001
0000101010110000000000001111001000000001
0000101011101001000010000010000000000001
0000101011101011010011000010001001000001
0000101011100011010011000010001000001001
0000101011110000000000001110001000000001
0000101001011001000010000010000000000001
0000101001011011010011000010001001000001
0000101010110011010011000010001000000001
0000101001001001000010000011010000000001
0000101001001011010011000010001001000001
0000101010101011010011000010001000000001
0000101001010000000000001110001000000001
1111111111101001000010000100001000000001
0000101001100000000000001111001000000001
0000101011110001000010000010000000000001
1111111111101001000010001000001000000001
1111111111101001000010001000010000100011
1111111111110001000010100010000000000001
0000000000000000000000000000000000000001
0000101011010000000000001111011000000001
0000101011010001000010000010001000000001
0000101010111000000000001110001000000001
0000000000000000000000000000000000000001
0000101010111000000000001111011000100011
0000101001111001000010000010000000001001
0000101010000000000000001110001000000001
0000101001101001000010000010000000000001
1111111111110011010011100010001001100111
0000101001110000000000001110001000000001
0000101010111001000010000010001001001001
0000101010111001000010000010000000000001
0000101001110000000000001110001000100111
1111111111110011010011010010000000000001
0000101010000000000000001110001000100111
0000000000000000000000000000000000000001
0000101010000001000010000010000000001001
1111111111111001000010000010001001000001
0000101010000000000000001110001000100110
0000101001110001000110100010000000000001
0000000000000000000000000000000000000001
0000101011000000000000001110001000000001
0000101011001000000000001111001000000001
0000101011000000000000001100000000000001
0000000000000000000000000000000000000001
0000000000000011001001011010000100000001
1111111111100001000010000010000000000001
0000000000000011001001001010000100000001
1111111111100001000010000010001001000001
0000101010010000000000001110001000000001
0000101011001000000000001100000000000001
0000101010010111111111110010000000000001
1111111111100001000010000010001000000001
0000101010100000000000001110001000000001
0000101010100000000000001100000000000001
0000101000101111111111110010000000000001
0000101000111000000000001110001000000001
0000101000110111111111110010000000000001
0000101001000000000000001110001000000001
0000101000111001000010000010000000000001
1111111101111000000000000000001000000001
0000101001000001000010000010000000000001
1111111110000000000000000000001000000001
0000000000000000000000000000000000000001
0000000000000000000000000000000000000001
0000000000000000000000000000000000000001
0000000000000000000000000000000000000001
0000000000000000000000000000000000000001
0000000000000000000000000000000000000001
0000000000000000000000000000000000000001
0000000000000000000000000000000000000001
0000000000000000000000000000000000000001
0000000000000000000000000000000000000001
0000000000000000000000000000000000000001
0000000000000000000000000000000000000001
0000000000000000000000000000000000000001
0000000000000000000000000000000000000001
0000000000000000000000000000000000000001
0000000000000000000000000000000000000001
0000000000000000000000000000000000000001
0000000000000000000000000000000000000001
0000000000000000000000000000000000000001
0000000000000000000000000000000000000001
0000000000000000000000000000000000000001
0000000000000000000000000000000000000001
0000000000000000000000000000000000000001
0000000000000000000000000000000000000001
0000000000000000000000000000000000000001
0000000000000000000000000000000000000001
0000000000000000000000000000000000000001
0000000000000000000000000000000000000001
0000000000000000000000000000000000000001
0000000000000000000000000000000000000001
0000000000000000000000000000000000000001
0000000000000000000000000000000000000001
0000000000000000000000000000000000000001
0000000000000000000000000000000000000001
0000000000000000000000000000000000000001
0000000000000000000000000000000000000001
0000000000000000000000000000000000000001
0000000000000000000000000000000000000001
0000000000000000000000000000000000000001
0000000000000000000000000000000000000001
0000000000000000000000000000000000000001
0000000000000000000000000000000000000001
0000000000000000000000000000000000000001
0000000000000000000000000000000000000001
0000000000000000000000000000000000000001
0000000000000000000000000000000000000001
0000000000000000000000000000000000000001
0000000000000000000000000000000000000001
0000000000000000000000000000000000000001
0000000000000000000000000000000000000001
0000000000000000000000000000000000000001
0000000000000000000000000000000000000001
0000000000000000000000000000000000000001
0000000000000000000000000000000000000001
0000000000000000000000000000000000000001
0000000000000000000000000000000000000001
0000000000000000000000000000000000000001
0000000000000000000000000000000000000001
0000000000000000000000000000000000000001
0000000000000000000000000000000000000001
0000000000000000000000000000000000000001
0000000000000000000000000000000000000001
0000000000000000000000000000000000000001
0000000000000000000000000000000000000001
0000000000000000000000000000000000000001
0000000000000000000000000000000000000001
0000000000000000000000000000000000000001
0000000000000000000000000000000000000001
0000000000000000000000000000000000000001
0000000000000000000000000000000000000001
0000000000000000000000000000000000000001
0000000000000000000000000000000000000001
0000000000000000000000000000000000000001
0000000000000000000000000000000000000001
0000000000000000000000000000000000000001
0000000000000000000000000000000000000001
0000000000000000000000000000000000000001
0000000000000000000000000000000000000001
0000000000000000000000000000000000000001
0000000000000000000000000000000000000001
0000000000000000000000000000000000000001
0000000000000000000000000000000000000001
0000000000000000000000000000000000000001
0000000000000000000000000000000000000001
0000000000000000000000000000000000000001
0000000000000000000000000000000000000001
0000000000000000000000000000000000000001
0000000000000000000000000000000000000001
0000000000000000000000000000000000000001
0000000000000000000000000000000000000001
0000000000000000000000000000000000000001
0000000000000000000000000000000000000001
0000000000000000000000000000000000000001
0000000000000000000000000000000000000001
0000000000000000000000000000000000000001
0000000000000000000000000000000000000001
0000000000000000000000000000000000000001
0000000000000000000000000000000000000001
0000000000000000000000000000000000000001
0000000000000000000000000000000000000001
0000000000000000000000000000000000000001
0000000000000000000000000000000000000001
0000000000000000000000000000000000000001
0000000000000000000000000000000000000001
0000000000000000000000000000000000000001
0000000000000000000000000000000000000001
0000000000000000000000000000000000000001
0000000000000000000000000000000000000001
0000000000000000000000000000000000000001
0000000000000000000000000000000000000001
0000000000000000000000000000000000000001
0000000000000000000000000000000000000001
0000000000000000000000000000000000000001
0000000000000000000000000000000000000001
0000000000000000000000000000000000000001
0000000000000000000000000000000000000001
0000000000000000000000000000000000000001
0000000000000000000000000000000000000001
0000000000000000000000000000000000000001
0000000000000000000000000000000000000001
0000000000000000000000000000000000000001
0000000000000000000000000000000000000001
0000000000000000000000000000000000000001
0000000000000000000000000000000000000001
0000000000000000000000000000000000000001
0000000000000000000000000000000000000001
0000000000000000000000000000000000000001
0000000000000000000000000000000000000001
0000000000000000000000000000000000000001
0000000000000000000000000000000000000001
0000000000000000000000000000000000000001
0000000000000000000000000000000000000001
0000000000000000000000000000000000000001
0000000000000000000000000000000000000001
0000000000000000000000000000000000000001
0000000000000000000000000000000000000001
0000000000000000000000000000000000000001
0000000000000000000000000000000000000001
0000000000000000000000000000000000000001
0000000000000000000000000000000000000001
0000000000000000000000000000000000000001
0000000000000000000000000000000000000001
0000000000000000000000000000000000000001
0000000000000000000000000000000000000001
0000000000000000000000000000000000000001
0000000000000000000000000000000000000001
0000000000000000000000000000000000000001
0000000000000000000000000000000000000001
0000000000000000000000000000000000000001
0000000000000000000000000000000000000001
0000000000000000000000000000000000000001
0000000000000000000000000000000000000001
0000000000000000000000000000000000000001
0000000000000000000000000000000000000001
0000000000000000000000000000000000000001
0000000000000000000000000000000000000001
0000000000000000000000000000000000000001
0000000000000000000000000000000000000001
0000000000000000000000000000000000000001
0000000000000000000000000000000000000001
0000000000000000000000000000000000000001
0000000000000000000000000000000000000001
0000000000000000000000000000000000000001
0000000000000000000000000000000000000001
0000000000000000000000000000000000000001
0000000000000000000000000000000000000001
0000000000000000000000000000000000000001
0000000000000000000000000000000000000001
0000000000000000000000000000000000000001
0000000000000000000000000000000000000001
0000000000000000000000000000000000000001
0000000000000000000000000000000000000001
0000000000000000000000000000000000000001
0000000000000000000000000000000000000001
0000000000000000000000000000000000000001
0000000000000000000000000000000000000001
0000000000000000000000000000000000000001
0000000000000000000000000000000000000001
0000000000000000000000000000000000000001
0000000000000000000000000000000000000001
0000000000000000000000000000000000000001
0000000000000000000000000000000000000001
0000000000000000000000000000000000000001
0000000000000000000000000000000000000001
0000000000000000000000000000000000000001
0000000000000000000000000000000000000001
0000000000000000000000000000000000000001
0000000000000000000000000000000000000001
0000000000000000000000000000000000000001
0000000000000000000000000000000000000001
0000000000000000000000000000000000000001
0000000000000000000000000000000000000001
0000000000000000000000000000000000000001
0000000000000000000000000000000000000001
0000000000000000000000000000000000000001
0000000000000000000000000000000000000001
0000000000000000000000000000000000000001
0000000000000000000000000000000000000001
0000000000000000000000000000000000000001
0000000000000000000000000000000000000001
0000000000000000000000000000000000000001
0000000000000000000000000000000000000001
0000000000000000000000000000000000000001
0000000000000000000000000000000000000001
0000000000000000000000000000000000000001
0000000000000000000000000000000000000001
0000000000000000000000000000000000000001
0000000000000000000000000000000000000001
0000000000000000000000000000000000000001
0000000000000000000000000000000000000001
0000000000000000000000000000000000000001
0000000000000000000000000000000000000001
0000000000000000000000000000000000000001
0000000000000000000000000000000000000001
0000000000000000000000000000000000000001
0000000000000000000000000000000000000001
0000000000000000000000000000000000000001
0000000000000000000000000000000000000001
0000000000000000000000000000000000000001
0000000000000000000000000000000000000001
0000000000000000000000000000000000000001
0000000000000000000000000000000000000001
0000000000000000000000000000000000000001
0000000000000000000000000000000000000001
0000000000000000000000000000000000000001
0000000000000000000000000000000000000001
0000000000000000000000000000000000000001
0000000000000000000000000000000000000001
0000000000000000000000000000000000000001
0000000000000000000000000000000000000001
0000000000000000000000000000000000000001
0000000000000000000000000000000000000001
0000000000000000000000000000000000000001
0000000000000000000000000000000000000001
0000000000000000000000000000000000000001
0000000000000000000000000000000000000001
0000000000000000000000000000000000000001
0000000000000000000000000000000000000001
0000000000000000000000000000000000000001
0000000000000000000000000000000000000001
0000000000000000000000000000000000000001
0000000000000000000000000000000000000001
0000000000000000000000000000000000000001
0000000000000000000000000000000000000001
0000000000000000000000000000000000000001
0000000000000000000000000000000000000001
0000000000000000000000000000000000000001
0000000000000000000000000000000000000001
0000000000000000000000000000000000000001
0000000000000000000000000000000000000001
0000000000000000000000000000000000000001
0000000000000000000000000000000000000001
0000000000000000000000000000000000000001
0000000000000000000000000000000000000001
0000000000000000000000000000000000000001
0000000000000000000000000000000000000001
0000000000000000000000000000000000000001
0000000000000000000000000000000000000001
0000000000000000000000000000000000000001
0000000000000000000000000000000000000001
0000000000000000000000000000000000000001
0000000000000000000000000000000000000001
0000000000000000000000000000000000000001
0000000000000000000000000000000000000001
0000000000000000000000000000000000000001
0000000000000000000000000000000000000001
0000000000000000000000000000000000000001
0000000000000000000000000000000000000001
0000000000000000000000000000000000000001
