"Sens Factor =-20.325dB, SERNO: 1880578"
4.6758 -6.5302 54.61
5.099 -5.8239 55.04
5.5605 -5.1439 55.53
6.0638 -4.5093 55.29
6.6126 -3.8941 51.96
7.2111 -3.3141 48.15
7.8637 -2.7663 47.02
8.5755 -2.2404 46.25
9.3516 -1.7573 43.56
10.198 -1.3086 39.3
11.121 -0.8924 37.61
12.1275 -0.5638 34.98
13.2252 -0.3387 30.39
14.4221 -0.195 28.83
15.7274 -0.1444 25.07
17.1509 -0.1599 24.25
18.7032 -0.1327 22.56
20.396 0.0154 22.94
22.242 0.249 21.17
24.255 0.4812 19.99
26.4503 0.6755 18.7
28.8443 0.8313 16.51
31.4549 0.9305 14.31
34.3018 0.9689 12.36
37.4064 0.9683 10.81
40.7919 0.9503 9.57
44.4839 0.93 8.33
48.5101 0.9102 6.99
52.9006 0.8899 6.43
57.6885 0.8706 5.38
62.9098 0.8665 4.51
68.6036 0.8781 3.71
74.8128 0.8727 2.78
81.5839 0.8303 1.93
88.9679 0.7487 0.88
97.0201 0.635 0.4
105.8012 0.5153 0.1
115.377 0.4215 -0.08
125.8196 0.3519 0.14
137.2072 0.2993 0.27
149.6255 0.2726 0.55
163.1678 0.2766 0.67
177.9357 0.3083 0.81
194.0403 0.3456 0.7
211.6024 0.3576 0.46
230.7541 0.3482 0.27
251.6391 0.3359 0.24
274.4144 0.3358 0.17
299.251 0.3558 0.23
326.3356 0.3898 0.09
355.8714 0.423 -0.18
388.0806 0.4391 -0.52
423.2049 0.4422 -0.84
461.5082 0.4451 -1.19
503.2782 0.4427 -1.56
548.8288 0.4214 -2.06
598.5021 0.3759 -2.49
652.6711 0.3167 -2.81
711.7429 0.2567 -3.02
776.1611 0.1986 -3.18
846.4097 0.1449 -3.33
923.0163 0.0831 -3.5
1006.5565 0 -3.64
1097.6576 -0.0924 -3.57
1197.0041 -0.1742 -3.34
1305.3422 -0.2401 -3.06
1423.4858 -0.3081 -2.74
1552.3223 -0.393 -2.25
1692.8194 -0.4669 -1.33
1846.0327 -0.4743 -0.22
2013.1129 -0.3897 1.08
2195.3152 -0.2304 2.08
2394.0082 -0.0089 2.69
2610.6845 0.2537 2.71
2846.9716 0.5042 2.01
3104.6445 0.6713 0.85
3385.6389 0.7507 -0.1
3692.0654 0.8407 -0.71
4026.2258 0.995 -1.29
4390.6304 1.1843 -2.19
4788.0164 1.3945 -3.46
5221.3689 1.6174 -5.28
5693.9432 1.7965 -7.7
6209.2891 1.9002 -10.47
6771.2777 1.931 -13.25
7384.1307 1.9343 -15.94
8052.4517 1.9402 -18.74
8781.2608 1.9464 -21.91
9576.0328 1.8638 -25.61
10442.738 1.6831 -29.28
11387.886 1.4378 -32.68
12418.578 1.1611 -35.74
13542.555 0.9023 -38.48
14768.261 0.6927 -41.19
16104.903 0.5354 -44.19
17562.522 0.4023 -47.69
19152.066 0.277 -51.8
